1
100
277257
2
100
17801
3
100
757060
4
100
322021
5
100
440930
6
100
162967
7
100
384379
8
100
203652
9
100
128049
10
100
842195
11
100
674505
12
100
870446
13
100
377867
14
100
612188
15
100
105547
16
100
661674
17
100
583299
18
100
29076
19
100
962898
20
100
925738
21
100
258137
22
100
755096
23
100
40207
24
100
859092
25
100
492271
26
100
322777
27
100
140265
28
100
853613
29
100
53110
30
100
798620
31
100
133489
32
100
72740
33
100
826600
34
100
28618
35
100
641517
36
100
147129
37
100
426094
38
100
562612
39
100
742673
40
100
788680
41
100
272801
42
100
8424
43
100
818572
44
100
642166
45
100
543469
46
100
49896
47
100
913725
48
100
977271
49
100
471570
50
100
452045
51
100
166086
52
100
695737
53
100
452548
54
100
856184
55
100
412473
56
100
746736
57
100
412851
58
100
632944
59
100
797424
60
100
8639
61
100
260261
62
100
217437
63
100
688569
64
100
955712
65
100
755006
66
100
258336
67
100
556909
68
100
195440
69
100
921377
70
100
86733
71
100
764770
72
100
806650
73
100
419825
74
100
107014
75
100
227190
76
100
67230
77
100
371057
78
100
847285
79
100
330444
80
100
498302
81
100
230217
82
100
564197
83
100
556435
84
100
73413
85
100
688874
86
100
435070
87
100
794306
88
100
948340
89
100
57032
90
100
415771
91
100
852064
92
100
172555
93
100
194182
94
100
816906
95
100
39167
96
100
189648
97
100
290288
98
100
425759
99
100
25417
